// konec mape - gore 1
-20.0  0.0  -20.0 0.0 0.0
-20.0  10.0 -20.0 0.0 1.0
-20.0  10.0  20.0 0.25 1.0

-20.0  0.0 -20.0 0.0 0.0
-20.0  10.0 20.0 0.25 1.0
-20.0  0.0  20.0 0.25 0.0


-20.0  0.0  20.0 0.25 0.0
-20.0  10.0 20.0 0.25 1.0
20.0   10.0 20.0 0.5 1.0

-20.0 0.0  20.0 0.25 0.0
20.0  10.0 20.0 0.5 1.0
20.0  0.0  20.0 0.5 0.0


20.0  0.0   20.0 0.5 0.0
20.0  10.0  20.0 0.5 1.0
20.0  10.0 -20.0 0.75 1.0

20.0  0.0   20.0 0.5 0.0
20.0  10.0 -20.0 0.75 1.0
20.0  0.0  -20.0 0.75 0.0


20.0  0.0  -20.0 0.75 0.0
20.0  10.0 -20.0 0.75 1.0
-20.0 10.0 -20.0 1.0 1.0

20.0   0.0 -20.0 0.75 0.0
-20.0 10.0 -20.0 1.0 1.0
-20.0  0.0 -20.0 1.0 0.0